719824875 1558368501519014
598339084 1558314028952959
722500233 1558400433315840
720942924 1557849563620347
720232840 1558406479673172
721741592 1558403548220769
720942948 1557796444099942
724036043 1558373090134308
719608925 1558403176784781
724395021 1558354598307103
716654148 1558271210735020
714793933 1558401603161912
50312749 1558051332978376
3300305 1558352672410769
111111 1557864771463584
723557867 1558407626677804
717122006 1558061214906896
708931431 1558401699113040
716035959 1558406549177439
84827008 1558404919587580
712090637 1558404054080505
721107767 1558367261914921
723561956 1558313237050313
55988246 1558330902930721
720654238 1558335672514360
188783406 1558352958825951
721286961 1558227003563915
44385534 1558398760834871
108299381 1558405812596123
38095478 1558352869822334
38810283 1558405721375437
