1718256
5179185
6602544
5367400
5335942
4903182
6074226
1994028
4471724
827028
5778953
4339301
465788
6713358
5650023
4025904
6241544
6396623
5536261
5845729
6486444
6304248
5992306
2351944
6841385
6424947
6451804
1425177
6989005
6597065
6794934
6517038
6828871
6244380
6752850
5865343
6730771
6802899
6781444
6594533
6909663
6954789
1547251
3778422
5454240
6804254
5821378
6688712
6682908
6653523
6518257
4159105
4878017
6612617
5599198
6055624
6898083
6888602
5334918
6990804
6987267
5376822
6858215
2963032
277982
6930802
6918363
6988180
6996754
804335
