28130138 28130138
73544684 73544684
86300079 86300079
73208027 73208027
92841033 92841033
88394999 88394999
18227896 18227896
57900865 57900865
84865255 84865255
1353174915 1353174915
10869329 10869329
28946648 28946648
55132557 55132557
42195434 42195434
96756925 96756925
31801984 31801984
37991474 37991474
34347927 34347927
89075076 89075076
82113776 82113776
77087009 77087009
27301850 27301850
50958424 50958424
57025868 57025868
103746 103746
1349958779 1349958779
65920923 65920923
6650585 6650585
51214070 51214070
30870813 30870813
48148222 48148222
97589798 97589798
33448555 33448555
36821911 36821911
88394999 88394999
69983689 69983689
62838868 62838868
45060987 45060987
75697040 75697040
77087009 77087009