18491772
18074530
18495381
18767836
18069582
17019743
17019678
18644840
520213
12842877
16762757
798461
954770
213686
564721
273698
18320593
18205712
17876249
18114924
962970
16149952
16542657
16983757
18606548
18175234
592655
17943560
18728026
367582
371106
17158206
16539359
18185039
16539764
428705
11712440
17969845
18588292
165908
17972541
17946229
18273890
18069461
17951272
17760935
17078429
17192433
827412
18328884
18090719
857426
16824273
17916868
16959014
16734832
17278481
18345002
18207680
17935760
18281575
16533391
18241112
18682596
313554
18036962
16861902
18674057
17880123
16966581
18154740
17284670
18073995
17610513
18480406
13898490
18422085
16579375
13646524
17309935
15246742
17384674
18090685
17543386
18157006
16813074
16737822
17544364
17571988
17486566
18742859
18364831
13608683
18377223
18136709
16762706
16943721
18260847
17627388
18304397
18708753
18073952
18713772
17160248
17677225
13888279
16900326
17157440
10646212
18681814
15083782
11503639
18618131
18225336
18544404
18297963
18613295
17792367
18260812
18372956
