2745782540 75777786 0
2725247542 10725517 0
2747871798 52001347 0
2558350272 52001347 0
2479074921 10725517 0
2569039969 10725517 0
2750476622 81886868 0
2563817032 81886868 0
2558350007 52001347 0
2323916373 81886868 0
2712019772 44941779 0
2451047302 75777786 1
2730902358 567 0
2681560700 75777786 0
2739166030 52001347 0
2464931390 6645325 0
2744052608 75777786 0
2538064710 81886868 0
2548833324 62388170 0
2741345506 10725517 0
2747871792 52001347 0
2670674888 81886868 0
2736895784 87709792 0
2464931288 6645325 0
2561279999 10725517 0
2724676020 75777786 0
2746274286 74590652 0
2566794576 52001347 0
2707940674 87709792 1
2744200720 11172257 0
2647831010 69796916 0
2714863220 62388170 0
2705686582 52001347 0
2721854364 567 0
2736510290 10725517 0
2745472134 87709792 0
2748705684 81886868 0
2707935086 87709792 0
2723035502 3274323 0
2558350751 52001347 0
2745352566 39993184 0
2633303816 10725517 0
2584532180 567 0
2434101652 10179656 0
2564084190 4378478 0
2639193788 52001347 0
2491581142 84922321 0
2702254986 52001347 0
2720238902 614222 0
2750113166 5690644 0
2744562344 1328322 0
2702255016 52001347 0
2574803156 69796916 0
2659394746 5690644 0
2445532775 69796916 0
2449523848 20698836 0
2740170418 25385674 0
2559867343 10148430 0
1351312459 1351312459 0
2437950192 6645325 0
